COL1=[	1.68194444444444,-2.63155555555556 -0.25,6.9224931	];
COL2=[	3.20383333333333,-2.23905555555556,-7.4141471 +5	];
COL3=[	4.35244444444444,-2.11388888888889,-8.6493609	];
COL4=[	5.36655555555556 +0.025,-2.44938888888889,-13.998705];
COL5=[	6.26938888888889 +0.2, -2.78761111111111 -0.1 ,-13.954529 -4	];
TH1= [	5.53333333333333,-5.01838888888889,-15.722109	];
TH2= [	6.612  -0.025 ,-5.41005555555556 +0.025 ,-26.182565	];
TH3= [	7.56866666666667  -0.05 , -5.985  +0.05 ,-37.476205	];

SPC1=[7.6+0.5,-3.5,-14.11];