COL1=[	1.68194444444444,-2.63155555555556,6.9224931	];
COL2=[	3.20383333333333,-2.23905555555556,-7.4141471	];
COL3=[	4.38744444444444,-2.11388888888889,-8.6493609	];
COL4=[	5.36655555555556,-2.44938888888889,-13.998705	];
COL5=[	6.26938888888889,-2.78761111111111,-13.954529	];
TH1= [	5.53333333333333,-5.01838888888889,-15.722109	];
TH2= [	6.612,-5.41005555555556,-26.182565	];
TH3= [	7.56866666666667,-5.985,-37.476205	];


//TH1=[5.4121,-6.1165,-21.41];
//TH2=[6.3906,-6.6073,-32.31];
//TH3=[7.2504,-7.2777,-43.16];


SPC1=[7.6,-3.5,-14.11];