COL1=[	1.00088888888889,-2.55088888888889,2.8920727	];
COL2=[	2.52863888888889,-2.07063888888889,-7.5697391	];
COL3=[	3.85805555555556,-1.61388888888889,-8.6493609	];
COL4=[	4.86658333333333,-1.94936111111111,-13.998705	];
COL5=[	5.76938888888889,-2.28761111111111,-13.954529	];
TH1= [	5.03330555555556,-4.51841666666667,-15.722109	];
TH2= [	6.112,-4.91005555555556,-26.182565	];
TH3= [	7.06869444444444,-5.48502777777778,-37.476205	];



//TH1=[5.4121,-6.1165,-21.41];
//TH2=[6.3906,-6.6073,-32.31];
//TH3=[7.2504,-7.2777,-43.16];


SPC1=[7.6,-3.5,-14.11];